cam0:
  T_cam_imu:
  - - 0.9998795703718082
    - -0.010682602672355483
    - -0.011257297776702795
    - 0.018326789556161814
  - - 0.010572168961063708
    - 0.9998958514044071
    - -0.009824234713965733
    - 0.008646578708645087
  - - 0.011361073740958436
    - 0.00970403753089155
    - 0.9998883725991877
    - 0.08075766838515971
  - - 0.0
    - 0.0
    - 0.0
    - 1.0
  cam_overlaps:
  - 1
  camera_model: pinhole
  distortion_coeffs:
  - -0.004611570913312722
  - -0.0009360260907051189
  - -0.0009333871766183999
  - -0.0009870503999785307
  distortion_model: radtan
  intrinsics:
  - 430.7661746442717
  - 430.850377143008
  - 424.8191678739607
  - 239.73084864213763
  resolution:
  - 848
  - 480
  rostopic: /camera/infra1/image_rect_raw
  timeshift_cam_imu: -0.008901881574933197
cam1:
  T_cam_imu:
  - - 0.999796421431317
    - -0.010171592329036819
    - -0.017425682271414177
    - -0.07749915245404435
  - - 0.010000660857365628
    - 0.9999012959672736
    - -0.009868389198992219
    - 0.008549225144597706
  - - 0.0175243395181774
    - 0.00969211186783926
    - 0.9997994601378783
    - 0.08081689257101242
  - - 0.0
    - 0.0
    - 0.0
    - 1.0
  T_cn_cnm1:
  - - 0.9999808414937057
    - 0.0005706777147433026
    - -0.006163681731677199
    - -0.0953327607407524
  - - -0.0005710003791053562
    - 0.9999998356996145
    - -5.0589667643360884e-05
    - -8.280203602354225e-05
  - - 0.006163651848585984
    - 5.410816302636726e-05
    - 0.9999810030536577
    - -5.266946587099129e-05
  - - 0.0
    - 0.0
    - 0.0
    - 1.0
  cam_overlaps:
  - 0
  camera_model: pinhole
  distortion_coeffs:
  - -0.004174585300012547
  - -0.00013609420224485136
  - -0.0007918238646686342
  - -0.000465907282028414
  distortion_model: radtan
  intrinsics:
  - 430.58624390582474
  - 431.0449770712561
  - 427.61126948415335
  - 239.86900817185756
  resolution:
  - 848
  - 480
  rostopic: /camera/infra2/image_rect_raw
  timeshift_cam_imu: -0.00882664858323035
