cam0:
  cam_overlaps:
  - 1
  camera_model: pinhole
  distortion_coeffs:
  - -0.004611570913312722
  - -0.0009360260907051189
  - -0.0009333871766183999
  - -0.0009870503999785307
  distortion_model: radtan
  intrinsics:
  - 430.7661746442717
  - 430.850377143008
  - 424.8191678739607
  - 239.73084864213763
  resolution:
  - 848
  - 480
  rostopic: /camera/infra1/image_rect_raw
cam1:
  T_cn_cnm1:
  - - 0.9999808414937073
    - 0.0005706777147433026
    - -0.006163681731677199
    - -0.0953327607407524
  - - -0.0005710003791053562
    - 0.999999835699616
    - -5.0589667643360884e-05
    - -8.280203602354225e-05
  - - 0.006163651848585984
    - 5.410816302636726e-05
    - 0.9999810030536592
    - -5.266946587099129e-05
  - - 0.0
    - 0.0
    - 0.0
    - 1.0
  cam_overlaps:
  - 0
  camera_model: pinhole
  distortion_coeffs:
  - -0.004174585300012547
  - -0.00013609420224485136
  - -0.0007918238646686342
  - -0.000465907282028414
  distortion_model: radtan
  intrinsics:
  - 430.58624390582474
  - 431.0449770712561
  - 427.61126948415335
  - 239.86900817185756
  resolution:
  - 848
  - 480
  rostopic: /camera/infra2/image_rect_raw
